lat,lon,area_m2,guess
36.53468650002089,-90.50233599999224,335.23783427847764,Residential
36.591330999989175,-90.50275500000288,128.66533667232815,Residential
36.60324450002235,-90.50339299999234,166.34084195925823,Residential
36.56249549997985,-90.5079690000058,93.00990930299076,Residential
36.5463834403593,-90.48561310102968,155.04909963740874,Residential
36.54788745962111,-90.51559472348481,107.7524811545543,Residential
36.57816600000314,-90.51974799999829,208.36048499831134,Residential
36.54683300003969,-90.52030549998622,206.6430830489979,Residential
36.54905523299152,-90.52103813274094,875.0411836694265,Residential
36.56059849999789,-90.50051100000047,49.618496998727665,Residential
36.56093929141766,-90.50078031711234,180.62127627114572,Residential
36.59353899999866,-90.53003800000015,76.07893079647292,Residential
36.56055942039883,-90.50829425933867,437.78041396279195,Residential
36.54686064246221,-90.5210532586225,242.4003846091476,Residential
36.568559499954944,-90.5242805000131,139.37536965477022,Residential
36.576352843017744,-90.47631569202018,118.22180558245533,Residential
36.5343839090488,-90.50205774921926,728.8064269595371,Residential
36.55667100000521,-90.50527549999812,42.44102629946799,Residential
36.5608066131232,-90.50584277689615,273.55558806066034,Residential
36.546614000035525,-90.51339499998794,226.29521528082216,Residential
36.562055999989084,-90.51711250000282,152.22719902314486,Residential
36.56921250001715,-90.51892299999419,111.74294640306104,Residential
36.560944500029585,-90.50017949999005,147.15337963177274,Residential
36.536483499973464,-90.50145250000749,178.78513876672193,Residential
36.562476499989465,-90.50785250000291,92.87908224633559,Residential
36.56191499995516,-90.51262900001258,326.4885457927105,Residential
36.54641900005038,-90.52032399998319,213.88443971272238,Residential
36.54209149998725,-90.5208535000115,199.2436785230816,Residential
36.59846100007539,-90.52111449997524,136.3536688474491,Residential
36.560166473753014,-90.52141944327265,373.73553317898154,Residential
36.56040519428396,-90.55779177052122,329.7728288806169,Residential
36.59146675468439,-90.49632608251694,39.03113560285571,Residential
36.536096000049696,-90.50118849998356,121.28575635527531,Residential
36.60598007458967,-90.50123946157659,213.86208385336127,Residential
36.60696500000724,-90.50136649999733,111.39236414827359,Residential
36.53956499994696,-90.50358050001518,287.2350977458826,Residential
36.57179349996817,-90.5023445000089,237.33307731495194,Residential
36.56041849999134,-90.50904150000194,207.07728396436144,Residential
36.559751499980926,-90.51114299989992,121.61670379643459,Residential
36.54668600001189,-90.51736999999599,67.6700859671941,Residential
36.562469792846954,-90.51685503047182,58.61525914043211,Residential
36.54645250000901,-90.5180389999969,71.05364819311609,Residential
36.545974000040275,-90.51832599998674,71.77906587208489,Residential
36.56350700000099,-90.51979349999948,60.345523315954296,Residential
36.55150299999611,-90.52046100000362,237.35152134115543,Residential
36.54237200000885,-90.5206514999968,116.91747196025622,Residential
36.59876249997836,-90.51989150000574,251.7863918229611,Residential
36.545472074171606,-90.52180057352528,571.8531814960493,Residential
36.56359099999198,-90.52540850000202,129.56814257289523,Residential
36.59517250001478,-90.52778999996563,165.0668456640523,Residential
36.604848499997,-90.52971350000043,144.6393781348571,Residential
36.60820264535064,-90.53894295855517,403.4759569842895,Residential
36.582690999979405,-90.53920850000567,181.76438342452954,Residential
36.53176050006451,-90.53882049997858,241.03395414504152,Residential
36.57022149998484,-90.5394110000041,159.14519908804556,Residential
36.54741970916466,-90.56385317397297,15.16285056603261,Residential
36.58064250002263,-90.4898654999922,176.3936148186496,Residential
36.55711762652454,-90.50632996232954,148.20989136484354,Residential
36.56213199998752,-90.50775850000457,128.26940024389236,Residential
36.55075522116692,-90.51503443650563,129.21680487333623,Residential
36.55093300001949,-90.52079649999334,139.41922571659347,Residential
36.539922926417965,-90.52107926418095,169.23844993526367,Residential
36.58718558533048,-90.52174628662092,64.42768741715287,Residential
36.54941199999812,-90.52249300000042,46.19850556616335,Residential
36.59225799998125,-90.55743850000505,195.57670158754155,Residential
36.57144200000058,-90.47490200000018,13.591968108158412,Residential
36.59205336300602,-90.49565118943848,105.28687276833608,Residential
36.560663499981366,-90.50235250000499,215.6395869683506,Residential
36.56251599998445,-90.50723800000416,173.9786466684369,Residential
36.56296799998219,-90.50731699995607,69.53061951365592,Residential
36.56394650000468,-90.50756299999854,89.47439758987922,Residential
36.56341229011977,-90.50825466957974,331.73237839703415,Residential
36.56174049999333,-90.50878700000159,135.0757586072376,Residential
36.54428050000091,-90.51786199999917,148.59666239863935,Residential
36.529637500084895,-90.52066899997162,375.36657015768793,Residential
36.53537975110702,-90.52127715406883,117.70341200328623,Residential
36.56448599997885,-90.5253800000056,259.01246545014135,Residential
36.60502450000335,-90.5276555,40.78094430614475,Residential
36.591784999993514,-90.5383585000018,47.21701540619745,Residential
36.582240999998476,-90.53910550000005,120.61339757912245,Residential
36.541718580871574,-90.5403029328072,132.61971497660969,Residential
36.55937350004407,-90.50166049998549,77.11702489028609,Residential
36.561369999996664,-90.5073790000008,65.24294056804752,Residential
36.5644740000141,-90.50832299999512,117.23079071121211,Residential
36.54726164381034,-90.51452739067146,242.96831632292316,Residential
36.545375999975775,-90.52066250000702,95.06094050113114,Residential
36.55046800003972,-90.52080599998672,183.58419108363472,Residential
36.543586499987164,-90.5254675000033,181.81545234735404,Residential
36.55917150004407,-90.50199549998548,77.11714221326453,Residential
36.53416035078592,-90.50255695461821,104.97145906431263,Residential
36.59845625205728,-90.50283092380447,38.30212843281817,Residential
36.61017749998969,-90.50285650000299,36.27376248802673,Residential
36.569401000005385,-90.53933299999778,151.0738411964814,Residential
36.531626999956664,-90.53936000001231,257.1780681277472,Residential
36.55699700000443,-90.50579049999934,99.57219303833797,Residential
36.56132399996622,-90.50724200001295,151.60945088592146,Residential
36.561703999989014,-90.50771800000291,133.38483259411439,Residential
36.58083147686113,-90.51194266174775,157.00375994612463,Residential
36.55487594202606,-90.51215076857257,122.29868296675654,Residential
36.548046500049374,-90.51795349991927,110.75722793274517,Residential
36.59087189307098,-90.5170907261261,403.3252870476039,Residential
36.54391400003575,-90.52056049998822,67.79266005186437,Residential
36.5463620000306,-90.51812499998972,151.45235640431807,Residential
36.546804447466364,-90.51877250045928,125.85342753518285,Residential
36.56923399999957,-90.51920049999984,84.28025368004884,Residential
36.54397800001262,-90.5197594999956,113.12895829739499,Residential
36.545644500001195,-90.52111549999906,159.78012267137402,Residential
36.55029745957489,-90.52195675463405,298.026781572011,Residential
36.54581750000567,-90.52962499999659,462.7409182064067,Residential
36.56088650001411,-90.48404399999515,104.21629336651952,Residential
36.580126367046525,-90.48561074103665,63.75691801007917,Residential
36.59209695794346,-90.49588468168396,84.86547275673654,Residential
36.55917150004316,-90.5016544999879,73.97575291407563,Residential
36.561157213791574,-90.50679796876454,192.30649049345743,Residential
36.58788193703807,-90.51269840701143,534.0821646457186,Residential
36.559950000019484,-90.50705049999333,139.40918878286416,Residential
36.561778999982025,-90.51166500000458,271.6388641015431,Residential
36.54545900001009,-90.52105299999631,145.85374658272752,Residential
36.57139125682536,-90.52192594388355,96.73446977833741,Residential
36.5542039999966,-90.51393150000072,93.19939086603378,Residential
36.54407331327979,-90.52210001451552,133.479689770115,Residential
36.55010815066361,-90.522309061803,127.76980216883359,Residential
36.53477000000431,-90.52287599999775,59.582032341387446,Residential
36.54641249998114,-90.51930100000504,213.885190256553,Residential
36.53540400000484,-90.51993949999812,106.55491403093342,Residential
36.56752999997952,-90.52145600000566,174.56296962240333,Residential
36.54728749999593,-90.52366250000092,95.89339084471874,Residential
36.605425500077466,-90.5280649999746,129.57649189949188,Residential
36.56946700000233,-90.53976249999914,34.72838183167691,Residential
36.58010700000188,-90.48626300000277,99.07545115450553,Residential
36.55897850001623,-90.50728599999452,91.62492789361056,Residential
36.56166799999915,-90.50794400000099,78.00916271610699,Residential
36.5807035000024,-90.51209399999902,64.66171677968924,Residential
36.561974000029416,-90.51559949999013,149.00637384992865,Residential
36.556824999987924,-90.48521550000274,283.48227666833196,Residential
36.59168756642634,-90.5165852714263,180.5590564864518,Residential
36.547738999971926,-90.51691150000775,243.68988553053686,Residential
36.54778799996662,-90.51784250000975,93.46781066072586,Residential
36.55966999999409,-90.52146700000141,115.98456069454488,Residential
36.54266300001577,-90.52189749999464,106.56423938143035,Residential
36.54730900000236,-90.5238409999991,51.55662393798946,Residential
36.605677500030716,-90.52521149998977,144.88146599950161,Residential
36.60657100003278,-90.525220999989,169.60159062473596,Residential
36.59187229308766,-90.49565982679219,61.11806069741307,Residential
36.59061400000634,-90.49857449999743,159.48675248958105,Residential
36.58188974033277,-90.53938874355022,248.70062096412403,Residential
36.56123850000101,-90.50741849999935,96.60602000674767,Residential
36.561358290917745,-90.50781972643175,116.72226729870437,Residential
36.59150300001609,-90.50945599999427,183.7743300735357,Residential
36.56620299995598,-90.5212850000127,188.74078955257107,Residential
36.54765550000116,-90.5243270000023,56.86298087272695,Residential
36.54753464587313,-90.52534483296367,370.1474123177957,Residential
36.53157814043996,-90.52652805871386,210.89993252853145,Residential
36.5353134999558,-90.50257750001295,119.98715089083683,Residential
36.556723418535356,-90.50575524813067,124.61925432798546,Residential
36.54795749999695,-90.5183235000007,68.72606825907683,Residential
36.59007100000067,-90.52024899999965,37.358077072621725,Residential
36.54588503665431,-90.53033534974315,309.3639628652656,Residential
36.5606660955762,-90.47749564948468,124.85120781903464,Residential
36.58013200000108,-90.48549349999647,51.49076162458161,Residential
36.56397898252937,-90.50700098248427,177.19716780510834,Residential
36.5602089371892,-90.5089321022753,294.960444739765,Residential
36.54663130443267,-90.51125505408268,75.60681192209866,Residential
36.532411499975694,-90.51224300000945,186.0299648884738,Residential
36.54390750001006,-90.51702949999651,86.51421216951194,Residential
36.54753849995334,-90.51782750000899,129.34690879017893,Residential
36.563676925687005,-90.5215963565402,641.8380812963518,Residential
36.54453850001347,-90.5232095000458,211.9642592858895,Residential
36.58742099997554,-90.53956950001238,199.45519149310576,Residential
36.59259859053798,-90.55783519841847,36.37105881500794,Residential
36.55437048298687,-90.48452554043205,134.4552289848793,Residential
36.5646092606996,-90.48478539796471,24.74380851112533,Residential
36.560762000011394,-90.49322199999555,241.77474314622813,Residential
36.59077699999787,-90.49817299999788,42.75521827435814,Residential
36.534057500001886,-90.50222149999833,38.12300593393342,Residential
36.53230160934216,-90.50367912130106,192.3207099295417,Residential
36.545564499993354,-90.50572250000167,109.05337961075129,Residential
36.55887850000036,-90.50619999999957,89.8935608978735,Residential
36.5601475000589,-90.50236849998059,98.66304680905435,Residential
36.609403500000845,-90.50265249999873,23.79705346622677,Residential
36.56349932707537,-90.50870743269677,178.78296735992302,Residential
36.56053049999412,-90.50886750000136,134.26232034888733,Residential
36.561324886317365,-90.50906525038725,161.67682733714432,Residential
36.56075326593359,-90.50902561973301,572.0854805543968,Residential
36.561774847474794,-90.51127231474032,243.16642068757017,Residential
36.56296299996786,-90.5067420000094,86.02241478924955,Residential
36.56269150002527,-90.51153849999135,188.12133762561714,Residential
36.562204000017545,-90.508309499994,126.31580908988298,Residential
36.56377707718076,-90.5083052073835,112.7214186986569,Residential
36.55445850005865,-90.51157849997786,214.90532073765863,Residential
36.560429499975896,-90.51380950000706,56.996432002417734,Residential
36.551339999998234,-90.51482850002115,114.15707923842523,Residential
36.56460550001105,-90.52049499999617,92.60074040292695,Residential
36.544651000002034,-90.51710599999922,38.0654705088689,Residential
36.54412400000719,-90.5235265000426,195.08772426183668,Residential
36.596473000007975,-90.52117449999726,66.7596775089724,Residential
36.543673290562126,-90.5240083950806,334.58004309136226,Residential
36.53082465868475,-90.53553802012873,104.19901992575451,Residential
36.560846499955446,-90.55833400001127,684.7980371578919,Residential
36.562272500019084,-90.56663649999359,112.4298820238226,Residential
36.54640099999424,-90.48625650000142,102.18078967238935,Residential
36.60690249998577,-90.50178900000387,139.0441528108623,Residential
36.558411000053326,-90.50564149997538,95.2206764598192,Residential
36.560888000006074,-90.5085444999979,83.98035127306532,Residential
36.56325250002237,-90.51214349999249,111.8448143878018,Residential
36.547505499962675,-90.51569349996552,241.61722416232803,Residential
36.56201523464702,-90.51647281293201,197.6643405278565,Residential
36.54637714386062,-90.51753152722654,111.95806991250622,Residential
36.545989500040356,-90.519383999986,205.41746381921666,Residential
36.58292999995552,-90.52105550001927,186.14306675349823,Residential
36.53504149999745,-90.52285249999998,226.51366403105447,Residential
36.544562477393846,-90.5228280718594,256.14182351592535,Residential
36.602106277247906,-90.5432448771357,43.94984366748388,Residential
36.592839732202684,-90.55781173920482,126.90336005928279,Residential
36.56105274748251,-90.56393443546415,143.25126347277742,Residential
36.59078500521771,-90.4991246551592,182.54442478968897,Residential
36.55828319638535,-90.50704994074941,177.47215352155175,Residential
36.562093499954855,-90.50879750001319,121.09038339545832,Residential
36.58792182880665,-90.51179239096102,232.69594644038116,Residential
36.56266500003487,-90.51214649998855,47.90365601858859,Residential
36.570156757959836,-90.51231421906915,240.77315090155093,Residential
36.56226099995139,-90.51262450001549,346.2305387606293,Residential
36.562042430237746,-90.5166855821575,357.1353100980974,Residential
36.54778850003966,-90.51742899998696,65.13150528405107,Residential
36.598799497994065,-90.51934095347147,90.91935953260837,Residential
36.54389050002612,-90.5210124999911,180.70971752209743,Residential
36.570612999989656,-90.52119300000267,143.75206263478373,Residential
36.543675932272656,-90.5229987436744,220.26466817104645,Residential
36.59522649998514,-90.52808800000406,140.94508953091386,Residential
36.53167019820467,-90.53756860865569,105.82366815258302,Residential
36.60405045781117,-90.53828014332682,167.47679222541208,Residential
36.56058750001793,-90.56450000001811,124.84520181236863,Residential
36.56106300001072,-90.49551949999625,103.90997330142264,Residential
36.58990975231995,-90.49863773811654,139.9019218170123,Residential
36.560594000031756,-90.49981049998908,244.105872197498,Residential
36.60547350000203,-90.50261650000103,39.516218526029235,Residential
36.56037906557668,-90.50871970939157,138.50146645555014,Residential
36.58339350002315,-90.51094099999212,159.37445378545686,Residential
36.56733549997705,-90.51810350000667,65.36637598264603,Residential
36.56088851658107,-90.51897233344367,225.342589279612,Residential
36.577911500007446,-90.51993949999739,75.70451343022785,Residential
36.55130749999157,-90.52078700000159,284.7779389478833,Residential
36.57307555177454,-90.52203331692482,67.09704347825338,Residential
36.613934500010096,-90.52978049999639,130.93960422031768,Residential
36.58211499998939,-90.53949550000283,118.23820843503768,Residential
36.59227075542755,-90.55783354282649,388.24976820941123,Residential
36.55360550005555,-90.48072849998154,166.06897437587475,Residential
36.59025324745506,-90.49879232690778,87.00547418579639,Residential
36.562204999998286,-90.51135900000013,115.1791867195113,Residential
36.55998999996549,-90.51151900001008,88.92408491721613,Residential
36.547693500040914,-90.51742749998654,66.12849861676013,Residential
36.588344737351804,-90.52086789858396,30.565412650616107,Residential
36.53184149999221,-90.52135400000165,211.88999143935462,Residential
36.5633895017012,-90.52151548560249,202.98316362781657,Residential
36.54456900007365,-90.52212699997575,134.93896281839216,Residential
36.568527499968724,-90.52470750000907,106.3157670265069,Residential
36.55217749997958,-90.53989400000575,139.40805638839095,Residential
36.59270800000295,-90.55782849999525,55.0822783852888,Residential
36.56092805526945,-90.49346702878627,239.05535559200993,Residential
36.60355449996377,-90.5033850000102,250.96937972789334,Residential
36.56919450001504,-90.50599449999474,146.32922618442444,Residential
36.56886773434709,-90.50656836899634,126.68305162565619,Residential
36.56304934084379,-90.51056624595539,494.81837289257714,Residential
36.56018999999619,-90.51152800000082,104.1069523087843,Residential
36.56055900001067,-90.51297249999574,256.62014962469704,Residential
36.54830800002947,-90.51690249998084,58.676464201565814,Residential
36.596884351042526,-90.52093755630324,170.65200803435826,Residential
36.58226549999975,-90.5392315,19.474862428053815,Residential
36.543855370578655,-90.4800821076158,133.0657810156006,Residential
36.591950000004445,-90.49588249999518,77.9008574056318,Residential
36.531273499999486,-90.50274100000001,40.59208466920515,Residential
36.53973779284946,-90.50453136358304,69.79915832008271,Residential
36.56304299999996,-90.50758249999973,78.8535755639371,Residential
36.579061073964816,-90.51646571197176,419.13646077637094,Residential
36.578062499961234,-90.52017300001079,304.2666825221403,Residential
36.566400018636934,-90.5205825081058,189.7273128387072,Residential
36.54684853981021,-90.52064374774609,215.13670228687698,Residential
36.595214111661996,-90.521041611821,131.9315995114313,Residential
36.5436306786069,-90.52196391730085,123.50086363553979,Residential
36.60537200000548,-90.52727049999739,46.093485035099256,Residential
36.60390949998344,-90.5386950000045,163.18052336659207,Residential
36.55740083820017,-90.48500498554816,211.6737805303104,Residential
36.532432448340806,-90.50425927344781,130.36040098399877,Residential
36.56034300003727,-90.50577499998774,61.21675066689918,Residential
36.554338500003915,-90.51142599999858,55.82334151395023,Residential
36.54636850001314,-90.51849149999545,108.98714780423303,Residential
36.545968354549075,-90.51868479046823,114.71749027970225,Residential
36.546377000006856,-90.51963899999747,106.33832876747223,Residential
36.547861500042984,-90.54834949998519,363.5324339132612,Residential
36.56070397199127,-90.5577600076242,161.04279687881936,Residential
36.57317600000587,-90.56600899999786,88.57049196831174,Residential
36.55377722547392,-90.50249774702813,315.03501876037166,Residential
36.55692699997859,-90.50534600000599,159.00979429983317,Residential
36.55848600000101,-90.50738449999946,63.51358029728719,Residential
36.56394849995744,-90.50791400001246,98.10256350146707,Residential
36.56131949992251,-90.50929450003085,334.1466431736379,Residential
36.56132999999139,-90.50963450000219,131.57233816467544,Residential
36.56143600002869,-90.51497449999034,156.4581218810033,Residential
36.54505225959833,-90.51721523701804,64.97276184276473,Residential
36.54869438354307,-90.51882029985497,185.2410927236469,Residential
36.56201650007323,-90.51906799997595,115.15636301847339,Residential
36.56666485221014,-90.52059631714856,221.7051673176518,Residential
36.59512000000658,-90.5212069999977,65.69412965392668,Residential
36.5601679999875,-90.52168100001764,95.203304783449,Residential
36.61131149996859,-90.53801100000867,260.7341029001281,Residential
36.55330250005834,-90.48105549998061,175.17300905803222,Residential
36.6058635000033,-90.50086249999875,65.01514687093686,Residential
36.55409717257656,-90.51363376537692,346.1807328396565,Residential
36.56097450003078,-90.51466999998968,149.53233164487483,Residential
36.54723976167473,-90.51517092126068,294.0326003512689,Residential
36.56056544080089,-90.51540893631783,149.10985847190383,Residential
36.562440500008385,-90.51705199999695,117.27075710813278,Residential
36.543304510886735,-90.5190919645706,299.0237202761334,Residential
36.530832660339,-90.52088645656242,263.1894227993618,Residential
36.5441025000221,-90.52282549999249,148.0608240537994,Residential
36.605516500067154,-90.52560149997798,110.3289505738882,Residential
36.59346799999705,-90.53047400000054,104.33676458512063,Residential
36.60629999999122,-90.53791150000234,97.79683827880227,Residential
36.60688849999718,-90.54372500000011,212.87339928901017,Residential
36.55969800003836,-90.50167749998735,66.0712545598934,Residential
36.53152999998254,-90.50284700000466,204.4302465559379,Residential
36.562426500052005,-90.5056604999829,92.87982519154752,Residential
36.59152900002231,-90.50980499999245,133.65385657290153,Residential
36.560392499997974,-90.51172100000034,85.94332830498197,Residential
36.546771258447,-90.51778397649495,124.60025505296349,Residential
36.5610434579328,-90.51985399254086,58.66610501344468,Residential
36.546809289587166,-90.51996279382696,236.28404693369285,Residential
36.54411500002756,-90.5216855000421,208.32112156158271,Residential
36.56082449996887,-90.52238350002754,106.025278204503,Residential
36.53415500011118,-90.52266899996579,374.3750260621222,Residential
36.605323500044534,-90.52965449998541,64.5666290114345,Residential
36.582112999990166,-90.53937750000259,123.55233707349424,Residential
36.57129349999827,-90.47524700000002,146.12887414768647,Residential
36.59225581231322,-90.49564258548679,16.15884060007606,Residential
36.54621650000549,-90.5007140000051,67.70449077414696,Residential
36.56102239800695,-90.50962746599411,181.2600452666631,Residential
36.56291499998776,-90.51214650000355,41.721752975585616,Residential
36.543858000026994,-90.51922249999093,135.46518349573753,Residential
36.54795850005909,-90.52052849998026,261.3786615502379,Residential
36.53090900000378,-90.52077049999878,38.30350023834221,Residential
36.55182817031349,-90.52174475096922,186.15802648193068,Residential
36.54407322431507,-90.52246673381904,126.21901050732914,Residential
36.54743100000166,-90.56406150000261,27.285053600705876,Residential
36.59088350000109,-90.49895649999947,53.474002138073146,Residential
36.60607700001194,-90.50102449999588,100.18397134807987,Residential
36.56040166667354,-90.50858349262303,80.21024314072696,Residential
36.56097900003563,-90.51072149998713,134.21035670682755,Residential
36.56254500003297,-90.51213149998917,57.66973236767018,Residential
36.544122333314455,-90.51702249999138,123.2605048649467,Residential
36.54678850000928,-90.51749749999674,97.84956291938221,Residential
36.543364500006994,-90.51990999999724,164.4480849014436,Residential
36.59007750000352,-90.52012749999868,60.012469045314646,Residential
36.570415999982345,-90.5219885000048,173.3480615706635,Residential
36.54983050009416,-90.5220974999568,271.8329722401009,Residential
36.53444799999382,-90.5227075000011,230.43330112396436,Residential
36.54366906390724,-90.52369060902089,241.06908468084293,Residential
36.5504354999817,-90.53827000000494,187.17816653844602,Residential
36.575994759350955,-90.53861506128702,381.29152821672335,Residential
36.60560299997682,-90.5399245000065,152.22939843561002,Residential
36.5436385000201,-90.48021049999304,165.10391161824424,Residential
36.5545810000199,-90.48517299999324,124.1026822995025,Residential
36.59845550002341,-90.50270099999214,113.87994702734635,Residential
36.56214112759535,-90.50566287833297,172.54063570390875,Residential
36.610532911327695,-90.50256907755774,134.62999175869984,Residential
36.560552500031456,-90.51496499998949,141.96171841492784,Residential
36.560990000030685,-90.51558899998969,160.68732745628608,Residential
36.56100150003328,-90.51614149998886,159.02576824404557,Residential
36.547602000038744,-90.51743299998725,66.42060165871892,Residential
36.56209961148959,-90.50754674942668,70.80499047957126,Residential
36.57793174962374,-90.51932815482266,392.061694731927,Residential
36.563052499999415,-90.50791649999991,74.45371122704763,Residential
36.543379500087354,-90.52048149997101,295.9757176616568,Residential
36.539806499977566,-90.52069850000655,61.5221959388354,Residential
36.54729800000187,-90.52338649999895,136.46416612402749,Residential
36.605300216824475,-90.51396871308634,110.0266523433414,Residential
36.56141300000316,-90.51453249999861,115.78324360666399,Residential
36.61374850001622,-90.5297014999945,109.4100687468653,Residential
36.54958826297306,-90.52090056129893,143.27319605670908,Residential
36.530745550615016,-90.53543892356365,165.84647295999207,Residential
36.6022545000054,-90.54323149999858,51.20428790255174,Residential
36.56097700005861,-90.56621599997665,212.4217848416268,Residential
36.57626100001007,-90.47558099999624,163.89834528824144,Residential
36.55959350003761,-90.50167649998761,63.46353071401028,Residential
36.556795812132776,-90.50633163997082,144.85254399067594,Residential
36.56297275777316,-90.50693102026591,79.53845524142818,Residential
36.56167691359477,-90.50719260389195,196.8155304746277,Residential
36.546642499954515,-90.51102250001735,369.13226443121437,Residential
36.58756608329513,-90.5125391746915,447.35685347182743,Residential
36.56096142781286,-90.51407854220162,193.18822179098845,Residential
36.56222100002261,-90.5177899999923,155.85096611929032,Residential
36.54378650005489,-90.51840149998195,95.37581620495203,Residential
36.54386322854973,-90.51878339602423,167.08100944000756,Residential
36.53193794365642,-90.53931792421403,455.6694391807855,Residential
36.5820914999873,-90.48390100000331,169.41777151965246,Residential
36.562302500038285,-90.5056904999874,68.01129265845435,Residential
36.56894378077196,-90.50603404089816,422.3626766935663,Residential
36.55982766835802,-90.50592069806792,215.54873295891215,Residential
36.56390550003057,-90.50830149998977,135.96820058440585,Residential
36.56194499980293,-90.50933800008394,895.8293335070391,Residential
36.56124149996588,-90.51014000000997,88.43976133286712,Residential
36.60611350002895,-90.51896199999025,168.35845854849885,Residential
36.53056549996822,-90.53520199999262,346.05591497557333,Residential
36.611290563916384,-90.53719226434545,43.79955736558988,Residential
36.60389499999991,-90.5383475,8.75368398565066,Residential
36.56161900003451,-90.56162949998846,178.05621825327734,Residential
36.57632649999182,-90.4794635000021,125.97244915784225,Residential
36.53412750000073,-90.50212649999936,28.826414227921536,Residential
36.56214450000853,-90.50989699999705,69.7724042528193,Residential
36.56269204917526,-90.51035679708922,577.8777982538204,Residential
36.54797050003312,-90.51913999998908,63.439263446624345,Residential
36.57841649998714,-90.52030200000323,209.26532576225873,Residential
36.547310674405274,-90.52154412444253,206.11227287496482,Residential
36.587028733061025,-90.52218015107508,85.00454219996757,Residential
36.543624500035236,-90.52334049998827,135.49394086956337,Residential
36.54724193281363,-90.54813404030207,106.78009302049429,Residential
36.56228650007625,-90.56090749997507,111.84815204537642,Residential
36.571346500002356,-90.47492949999915,31.70456087205966,Residential
36.53389191332881,-90.50275469293209,268.6338382244546,Residential
36.562241000028635,-90.51162849999038,147.39693855479595,Residential
36.545901499996816,-90.51879800000167,47.56065010223334,Residential
36.56078349998166,-90.52210750002918,78.50976417488127,Residential
36.60557563207153,-90.52895962814617,119.18197887024434,Residential
36.56336439447242,-90.5074072504945,91.03064642698892,Residential
36.58757350001839,-90.51300049999384,96.16830903443497,Residential
36.56231700001579,-90.51568949999454,133.78291949347164,Residential
36.56727434940014,-90.51737732875087,220.99604429840772,Residential
36.54643299999926,-90.5252665000001,35.58639227186991,Residential
36.59401510268711,-90.5299252403834,233.28724223869364,Residential
36.54577625274127,-90.53077346111944,416.4644447347793,Residential
36.56081500002561,-90.48249449999132,149.7098906017124,Residential
36.58274849999498,-90.48394549999551,146.6462553590523,Residential
36.55810097218984,-90.50706601841655,131.97172459549213,Residential
36.561352281771875,-90.50715025086376,62.016095003231456,Residential
36.56336199999503,-90.50756400000118,97.45907441685807,Residential
36.56177399999924,-90.51226299999983,110.99114296403975,Residential
36.560966000054435,-90.51440849998193,182.87826235275486,Residential
36.56146600003115,-90.51627449998949,170.99563289320992,Residential
36.54593471087467,-90.51696545354885,201.6883629859099,Residential
36.54337450005458,-90.51802299998205,90.33119698520814,Residential
36.55980249999146,-90.52067950000169,269.573733316695,Residential
36.583777000023986,-90.5209814999921,59.28251151737478,Residential
36.54356250000228,-90.52152749999905,67.21874959124543,Residential
36.53212399920604,-90.5361303706193,223.02761187746862,Residential
36.550792000022255,-90.53812099999193,313.559880164911,Residential
36.58196099999094,-90.53950100000235,122.98891683306401,Residential
36.60634250002689,-90.54037099999087,187.26119480744438,Residential
36.60660225047164,-90.5438030885116,83.69883707315076,Residential
36.54739099999706,-90.54835350000073,46.33669952300987,Residential
36.58014099999972,-90.48527400000029,55.889909198201764,Residential
36.59565800000196,-90.55951149999885,155.7610404000378,Residential
36.5474740550931,-90.56355098900534,321.28437852340664,Residential
36.590423061027394,-90.4991782498094,388.0584490436074,Residential
36.53964700000039,-90.50452850000335,52.45140351368059,Residential
36.56022870216567,-90.50585186883457,216.2927122697214,Residential
36.56176432792698,-90.50830492386113,391.7009702164385,Residential
36.56135800000071,-90.5107744999995,75.27017782484285,Residential
36.560952544940044,-90.51357774824089,138.12061599375915,Residential
36.56064600003094,-90.51634099998965,147.63932643390055,Residential
36.54385150007092,-90.51988749997666,129.77520680874565,Residential
36.59666450002896,-90.52123799999035,128.60813319975847,Residential
36.52960892605878,-90.52126482325453,25.47226892966207,Residential
36.57041599998204,-90.52183900000485,186.0321590900366,Residential
36.54737725907097,-90.52280704673367,485.15713258892623,Residential
36.54347350001188,-90.52290449999592,94.83097905416804,Residential
36.60570850002111,-90.52754749989141,123.21715897903444,Residential
36.59187349999782,-90.53834750000061,15.467278597379206,Residential
36.547262499982516,-90.54856100000482,148.59576008730534,Residential
36.562410500105926,-90.56377649996469,516.4325109724986,Residential
36.53494700000823,-90.50185599999685,157.325007839352,Residential
36.56133399998661,-90.50762700000374,109.54366327904276,Residential
36.605415658447455,-90.513113936934,138.4880563209694,Residential
36.57827286290576,-90.51639425456364,181.01369072745774,Residential
36.54592349999725,-90.5172825000004,126.06703963183824,Residential
36.5459105000557,-90.51767049998166,100.8917840137538,Residential
36.5506759999923,-90.52099100000208,79.74889950825298,Residential
36.549059000002245,-90.52192349999945,62.41068125854391,Residential
36.54414050004146,-90.52314749998637,74.89128849163502,Residential
36.530953499977244,-90.53516250000663,55.52377276772247,Residential
36.53173975190002,-90.53792761139329,307.5603617127928,Residential
36.56147429528304,-90.56378572775249,205.40585889579336,Residential
36.56107049995439,-90.50242350001335,112.59672580732479,Residential
36.539545725244686,-90.50451591352912,26.477520758607767,Residential
36.56257350001447,-90.50568649999506,97.93390158575696,Residential
36.55636346610002,-90.50645010665146,130.6559681677722,Residential
36.54998299984421,-90.52065250015254,447.82686081752024,Residential
36.5633744228324,-90.55746813133834,333.5503608145494,Residential
36.571207500001734,-90.47491699999934,31.57373391637437,Residential
36.5341311898173,-90.50221643694032,30.493339709196196,Residential
36.5604369999743,-90.5108870000075,74.10312729107375,Residential
36.55453100000527,-90.5123939999986,71.26899976795158,Residential
36.59077145408296,-90.49836255675032,38.41224148533821,Residential
36.545976091761936,-90.51799773747047,97.82017497553187,Residential
36.54762006817162,-90.51935237239141,292.77828515461397,Residential
36.54602900003952,-90.52107249998673,203.5129828418933,Residential
36.55959249998631,-90.50131000000381,110.35398390305906,Residential
36.571704891767254,-90.50210135012834,103.3797894401917,Residential
36.53947050000186,-90.50451150000107,34.655473607663765,Residential
36.544052610884805,-90.52522275032031,231.73669364394254,Residential
36.55852950003005,-90.50624499998847,100.42588907339525,Residential
36.56087399999256,-90.50764550000146,19.70388115052659,Residential
36.56257750000678,-90.5082249999977,41.68221270269114,Residential
36.60578895715049,-90.5382091532048,308.08191434946684,Residential
36.54750800003607,-90.51743749998813,60.25793865017481,Residential
36.589194499960236,-90.51981900001107,306.87963572487246,Residential
36.59007099997629,-90.5199030000067,147.13785520685025,Residential
36.60662399998722,-90.52003500000367,56.99094589517447,Residential
36.589039000025416,-90.52018899999156,89.12922178112407,Residential
36.58868853577389,-90.52019924974034,118.26080606599965,Residential
36.60217750000726,-90.5432329999975,60.551722155148354,Residential
36.52961899999619,-90.52139600000082,104.14516014663093,Residential
36.546868000056136,-90.52169099998089,380.63782202681887,Residential
36.547409597518936,-90.52241525447347,368.8979804727767,Residential
36.582170789656544,-90.52259692303888,185.9527227356606,Residential
36.54557950003461,-90.52963049998814,260.0295016320389,Residential
36.54747038448061,-90.53140642950518,218.04726038846172,Residential
36.55210250005891,-90.53964049998066,98.66113257109811,Residential
36.549237500006676,-90.56145449999745,135.8493447834643,Residential
36.591958000001966,-90.49686699999852,238.53282091632155,Residential
36.536342500006874,-90.50144299999758,68.08573070486356,Residential
36.60532975530005,-90.50261040972528,30.142871941615592,Residential
36.56238350001624,-90.51211549999451,102.22103038818484,Residential
36.562245000013654,-90.51610399999481,250.08776654339331,Residential
36.578302621216814,-90.51983933618767,205.37043441784402,Residential
36.56941254849447,-90.51962645772691,575.1309739352911,Residential
36.54601318275989,-90.52190507539278,900.2629552194601,Residential
36.550507999972695,-90.52204250000796,85.2466277982581,Residential
36.54366452635331,-90.5226650720737,175.6640913123002,Residential
36.611343354254906,-90.53854324956913,160.45333906072733,Residential
36.5638110000175,-90.5577989999938,203.17895989016924,Residential
36.576167000053715,-90.47973899998226,87.22341325134919,Residential
36.592234999998944,-90.49588099999643,92.15214333490587,Residential
36.534420500003804,-90.50257899999856,63.93749072439059,Residential
36.56138299999702,-90.5084275000005,122.63211257238362,Residential
36.59176100000446,-90.50952549999828,90.45770586480221,Residential
36.56196550000215,-90.51225499999916,49.474702796831224,Residential
36.606331999995746,-90.51860800000115,44.55474542503969,Residential
36.58221199998582,-90.52115300000379,156.04997910368087,Residential
36.57039756951726,-90.5213370476447,667.7440553199906,Residential
36.56577783527053,-90.52160562092337,109.22007878581574,Residential
36.560774999991075,-90.52196500002508,54.66892409192654,Residential
36.550110837361586,-90.52189375595465,218.96807590994104,Residential
36.57076967371661,-90.5219377764525,220.77620954533904,Residential
36.54658600007805,-90.52553299997416,240.22255746960894,Residential
36.57578867876189,-90.47291521151584,188.21412846850686,Residential
36.571511999997135,-90.47509200000067,60.610015352039035,Residential
36.58035200000546,-90.49076799999807,56.774568355718905,Residential
36.56101850001058,-90.49956399999651,21.567080704114883,Residential
36.59208999999073,-90.5097580000025,94.20113675142576,Residential
36.56689450000791,-90.520508499997,144.81644587621588,Residential
36.57307767465734,-90.52216552816948,71.83824529917773,Residential
36.54734199999076,-90.52302800000203,234.01927377357504,Residential
36.543473500000985,-90.52311099999949,58.809868853665805,Residential
36.53138120807052,-90.52603038762662,43.28303382124774,Residential
36.58226649999444,-90.53936400000126,130.8388094748057,Residential
36.53122899999604,-90.50290050000025,275.68372442895304,Residential
36.59216399999517,-90.50958500000078,199.59361259082698,Residential
36.56136549999506,-90.51353550000113,114.26341172243109,Residential
36.54635450003138,-90.51777749998932,208.47886235902237,Residential
36.56198636730026,-90.51803476666338,250.04669612014794,Residential
36.60312600002151,-90.5200789999928,108.11064915042897,Residential
36.58159078419172,-90.5210427193819,119.17734027750768,Residential
36.535514500004346,-90.5211384999987,38.76442581629348,Residential
36.54458820847185,-90.52247458497384,155.5169342272638,Residential
36.5474080000244,-90.52406449999181,125.93082457202041,Residential
36.61113992001614,-90.53746545501066,243.45575129866523,Residential
36.579992000060294,-90.48998299997865,885.3273837389845,Residential
36.580553637574724,-90.49024239682123,396.76745872617994,Residential
36.59023350001011,-90.4984389999951,242.66354440111382,Residential
36.605257000002695,-90.5026125000023,28.095135423198187,Residential
36.605400931134795,-90.50261271109467,30.198188465006968,Residential
36.56175749999253,-90.50580700000351,118.38374138432926,Residential
36.54604000002832,-90.50575349999043,160.22054614433145,Residential
36.56137199999028,-90.5112050000025,141.72034527289884,Residential
36.6052030000044,-90.51301099999827,97.4038824151649,Residential
36.56046500000442,-90.51432399999834,80.10291840807704,Residential
36.56053700003261,-90.51452549998908,155.4533760477816,Residential
36.56063650004818,-90.51582899998401,170.65542709930162,Residential
36.547419000039575,-90.51743549998693,96.1872499871662,Residential
36.588807691626,-90.52090677823367,232.18800499784535,Residential
36.54653550003057,-90.52162449998963,196.39188862971963,Residential
36.59424899997305,-90.53005000000746,216.4002697555077,Residential
36.60582200003203,-90.53946099998925,177.48334621059428,Residential
36.60633749998413,-90.54370000000429,161.1201212769493,Residential
36.56238050000231,-90.56315300000013,56.83459354626054,Residential
36.581106000022295,-90.51218549999243,146.29329829365628,Residential
36.54656449997711,-90.51288550000596,303.4630815185107,Residential
36.54378150006711,-90.51724649997793,110.42127938437744,Residential
36.546040233894026,-90.52034378353314,79.49209057972324,Residential
36.56407932844161,-90.52026236017417,846.6770251009632,Residential
36.5424830000129,-90.52065449999567,66.88757221540455,Residential
36.56931400001723,-90.5215729999942,88.62836691802585,Residential
36.60553949996534,-90.52613850001009,94.93401443178871,Residential
36.59102500000783,-90.5387859999972,67.84736446049737,Residential
36.541947500096356,-90.53988049996826,241.1419689821271,Residential
36.551867000002716,-90.53973199999864,144.62419042129983,Residential
36.60635800005751,-90.5410604999808,279.26116052559723,Residential
36.58750579831919,-90.47120658986724,228.57652965345096,Residential
36.580137135274995,-90.48538169495573,60.60107122731657,Residential
36.53506274919663,-90.50164496516209,506.0482706142774,Residential
36.603411500008654,-90.50266199999696,89.05727957069809,Residential
36.543375000014805,-90.50366399999368,92.59141355251847,Residential
36.560967028246004,-90.50582193391838,197.32169904112698,Residential
36.56303749999237,-90.507767500002,97.77153378769036,Residential
36.560443499975825,-90.50939000000704,68.66655154499125,Residential
36.562154934999924,-90.52038021595483,700.4227882727798,Residential
36.535604284260856,-90.52111258623506,92.17745447356931,Residential
36.56996874855042,-90.52176043078714,432.87471886624445,Residential
36.54805630518818,-90.5222001482888,94.76509932202819,Residential
36.6051594999916,-90.52694050000238,51.828959725967664,Residential
36.53276757728873,-90.53831456764675,355.66543870400324,Residential
36.59068425872652,-90.5388191109078,83.174267207566,Residential
36.59252017755298,-90.55783595936208,13.8661973345217,Residential
36.534055000000556,-90.50211699999929,38.15323694503915,Residential
36.56126999999406,-90.50581500000149,101.00639920996625,Residential
36.55977724530166,-90.51153391013266,95.15668305492004,Residential
36.56098400002985,-90.51517449998997,154.3849054967325,Residential
36.5614440000302,-90.51528449998986,150.61845746424603,Residential
36.547321000038195,-90.51743849998742,69.96543794264171,Residential
36.546011500055855,-90.51996949998109,93.85197606132466,Residential
36.56351175565116,-90.52001076691492,200.84957266385797,Residential
36.56076349997586,-90.52182250000702,80.614060736536,Residential
36.54689750002876,-90.52377899999037,141.11690774309054,Residential
36.5614269999972,-90.55778400000041,128.28941682211428,Residential
36.59559000003036,-90.55913199998975,193.27290105925158,Residential
36.58842542029483,-90.48436286177754,266.53626510079533,Residential
36.5394144999889,-90.504104000002,407.58789915801134,Residential
36.556223499991034,-90.5059275000026,34.18453461981614,Residential
36.56336699998106,-90.50670850000523,163.46590538882262,Residential
36.56275700000576,-90.506772499998,52.43514732879365,Residential
36.562972500037944,-90.50867399998722,202.77153613420325,Residential
36.56137449998577,-90.51414850000353,244.1419911877667,Residential
36.561459000029416,-90.51583849999011,149.00725930016733,Residential
36.56179649996572,-90.50860600001,100.58189160746781,Residential
36.546795500037526,-90.51928199998736,207.07689689968265,Residential
36.561385751827075,-90.51170807244505,260.54505955619607,Residential
36.5808625000038,-90.51241849999859,58.22958375994291,Residential
36.61096262436918,-90.52115013884278,239.69658960413716,Residential
36.570957480599844,-90.52128152096896,304.56564953142896,Residential
36.53446000001936,-90.52188399999334,151.95746001417976,Residential
36.58698800000178,-90.52275999999931,39.45268030443293,Residential
36.54751500001112,-90.51708499999626,63.07756325135725,Residential
36.59119300000363,-90.52625599999853,101.84552591364968,Residential
36.5437955000506,-90.51798849998319,174.4681771251377,Residential
36.54771550003875,-90.51808499998711,145.8508892798037,Residential
36.56496249995535,-90.5201285000158,141.52823657671297,Residential
36.53569799999638,-90.5207160000009,63.449114580536026,Residential
36.5690220000664,-90.52218999997797,241.00032247961437,Residential
36.53199006422706,-90.53347673429676,231.25322216855355,Residential
36.531978334160556,-90.53654702597412,475.57410864131487,Residential
36.60644600002673,-90.54272749999103,147.67862124560077,Residential
36.59191512203553,-90.55725375008402,232.09506377863954,Residential
36.561658108578946,-90.55776815986063,303.31234940110375,Residential
36.56213374920771,-90.56658710158683,33.82264766982217,Residential
